total_files,total_added,total_removed,total_changed,commit_datetime
3,17,17,34,2022-02-03 10:39:45
2,5,7,12,2021-12-24 09:29:23
2,5,7,12,2021-12-24 09:26:51
1,14,0,14,2021-12-17 08:50:50
1,14,0,14,2021-12-17 08:50:16
132,3924,4733,8657,2021-12-17 08:21:41
4,86,1,87,2021-12-17 08:00:26
14,148,0,148,2021-12-17 07:23:24
0,0,0,0,2021-12-17 01:50:35
12,73,0,73,2021-12-17 01:50:08
1,1,0,1,2021-12-17 01:45:33
11,72,0,72,2021-12-16 03:48:53
125,3612,4727,8339,2021-12-15 16:12:10
1,4,0,4,2021-12-15 10:10:13
11,86,11,97,2021-12-15 09:54:41
6,46,2,48,2021-12-14 17:51:43
4,65,1,66,2021-12-14 10:40:13
6,57,0,57,2021-12-14 09:58:40
14,98,65,163,2021-12-14 09:39:42
8,81,10,91,2021-12-14 08:26:34
9,133,0,133,2021-12-13 10:26:28
13,171,7,178,2021-12-13 09:45:32
4,38,4,42,2021-12-12 07:35:09
1,9,3,12,2021-12-12 06:22:08
5,94,8,102,2021-12-12 04:59:17
3,19,0,19,2021-12-11 19:55:13
3,5,10,15,2021-12-11 19:35:43
4,11,0,11,2021-12-11 19:30:46
20,156,61,217,2021-12-11 19:22:18
5,49,12,61,2021-12-11 02:29:01
1,3,1,4,2021-12-11 01:37:13
1,2,2,4,2021-12-10 18:21:11
1,19,0,19,2021-12-10 18:19:07
9,125,11,136,2021-12-10 18:01:06
4,14,35,49,2021-12-09 13:56:38
8,116,14,130,2021-12-09 09:27:33
5,157,0,157,2021-12-09 06:29:50
2,33,40,73,2021-12-09 06:18:07
4,9,6,15,2021-12-09 03:46:44
5,103,0,103,2021-12-09 03:32:18
8,164,15,179,2021-12-08 16:31:32
1,1,1,2,2021-12-08 07:25:16
1,5,0,5,2021-12-08 02:08:40
3,18,11,29,2021-12-07 10:09:05
4,82,0,82,2021-12-07 08:45:39
8,40,30,70,2021-12-07 08:10:15
3,64,0,64,2021-12-06 16:13:53
14,328,33,361,2021-12-06 14:30:04
10,144,61,205,2021-12-05 16:14:43
4,14,12,26,2021-12-04 06:11:23
2,1,3,4,2021-11-23 04:23:14
1,19,18,37,2021-10-30 16:05:47
5,7,7,14,2021-10-17 13:22:10
8,16,12,28,2021-10-17 11:35:43
3,2,7,9,2021-10-17 08:56:18
4,20,25,45,2021-10-17 08:43:53
12,81,18,99,2021-10-17 08:35:44
16,259,16,275,2021-10-17 07:12:06
2,0,7,7,2021-10-16 20:06:24
28,885,5,890,2021-10-16 20:02:02
1,1,1,2,2021-10-16 10:08:31
1,2,0,2,2021-10-16 09:59:16
1,14,0,14,2021-10-16 09:51:52
1,1,0,1,2021-10-16 09:46:10
1,1,0,1,2021-10-16 09:26:58
1,0,13,13,2021-10-16 09:19:30
3,11,15,26,2021-10-16 09:17:53
81,728,5113,5841,2021-10-14 16:37:38
0,0,0,0,2021-08-25 20:47:18
57,2961,1176,4137,2021-08-25 20:45:57
1,2,2,4,2021-05-17 02:43:45
1,2,2,4,2021-05-17 02:42:03
1,27,27,54,2021-05-13 19:23:15
1,27,27,54,2021-05-13 19:22:13
3,180,155,335,2021-05-13 11:35:26
3,180,155,335,2021-05-13 11:33:17
2,11,1,12,2021-05-13 10:42:19
2,11,1,12,2021-05-13 10:41:07
5,177,87,264,2021-05-13 09:46:32
5,177,87,264,2021-05-13 09:45:11
2,190,91,281,2021-05-12 19:39:29
2,190,91,281,2021-05-12 19:38:34
7,292,224,516,2021-05-11 06:59:08
7,292,224,516,2021-05-11 06:58:10
2,3,1,4,2021-05-10 00:26:53
2,3,1,4,2021-05-10 00:26:07
4,173,157,330,2021-05-09 21:29:55
4,173,157,330,2021-05-09 21:29:05
4,481,458,939,2021-05-09 15:48:41
4,481,458,939,2021-05-09 15:47:51
1,30,2,32,2021-04-26 16:12:24
1,30,2,32,2021-04-26 16:11:41
6,229,2,231,2021-04-24 18:33:02
6,229,2,231,2021-04-24 18:32:01
1,16,2,18,2021-04-23 17:54:50
1,16,2,18,2021-04-23 17:53:02
12,394,88,482,2021-04-23 09:31:31
12,394,88,482,2021-04-23 09:30:27
4,168,1,169,2021-04-21 09:41:32
4,168,1,169,2021-04-21 09:40:45
6,188,13,201,2021-04-20 12:51:54
6,188,13,201,2021-04-20 12:50:47
2,41,2,43,2021-04-20 04:44:38
2,41,2,43,2021-04-20 04:43:17
5,98,8,106,2021-04-18 17:52:13
5,98,8,106,2021-04-18 17:51:07
5,91,29,120,2021-04-18 01:27:26
5,91,29,120,2021-04-18 01:26:02
10,361,46,407,2021-04-14 17:33:23
10,361,46,407,2021-04-14 17:32:31
1,30,13,43,2021-03-28 19:29:56
1,30,13,43,2021-03-28 19:28:06
36,1438,1437,2875,2021-03-07 12:30:27
36,1438,1437,2875,2021-03-07 12:28:49
3,8,23,31,2021-03-07 11:00:30
3,8,23,31,2021-03-07 10:58:41
1,1,0,1,2021-03-04 10:14:44
1,1,0,1,2021-03-04 10:14:01
3,142,115,257,2021-03-02 13:48:46
3,142,115,257,2021-03-02 13:47:36
1,0,2,2,2021-02-24 15:45:20
1,0,2,2,2021-02-24 15:44:16
1,5,0,5,2021-02-22 16:24:15
1,5,0,5,2021-02-22 16:22:56
1,10,1,11,2021-02-21 10:01:19
1,10,1,11,2021-02-21 10:00:30
4,15,19,34,2021-02-20 08:02:25
4,15,19,34,2021-02-20 08:01:47
2,30,0,30,2021-02-17 09:52:47
2,30,0,30,2021-02-17 09:51:58
3,44,1,45,2021-02-13 19:34:08
3,44,1,45,2021-02-13 19:32:58
4,16,5,21,2021-02-13 14:54:19
2,4,2,6,2021-02-13 14:53:13
2,12,3,15,2021-02-13 14:40:45
2,3,8,11,2021-02-13 08:39:58
2,3,8,11,2021-02-13 08:38:38
3,36,4,40,2021-02-13 07:58:36
3,36,4,40,2021-02-13 07:57:50
3,127,12,139,2021-02-12 00:01:42
3,127,12,139,2021-02-12 00:00:52
3,92,8,100,2021-02-10 17:39:12
3,92,8,100,2021-02-10 17:38:25
3,36,4,40,2021-02-10 12:20:18
3,36,4,40,2021-02-10 12:19:16
45,3067,0,3067,2021-02-10 10:09:44
